01111111111 -500
01111111111 -499
01111111111 -498
01111111111 -497
01111111111 -496
01111111111 -495
01111111111 -494
01111111111 -493
01111111111 -492
01111111111 -491
01111111111 -490
01111111111 -489
01111111110 -488
01111111110 -487
01111111110 -486
01111111110 -485
01111111110 -484
01111111110 -483
01111111110 -482
01111111110 -481
01111111110 -480
01111111110 -479
01111111110 -478
01111111110 -477
01111111110 -476
01111111110 -475
01111111110 -474
01111111110 -473
01111111110 -472
01111111101 -471
01111111101 -470
01111111101 -469
01111111101 -468
01111111101 -467
01111111101 -466
01111111101 -465
01111111101 -464
01111111101 -463
01111111101 -462
01111111101 -461
01111111101 -460
01111111101 -459
01111111101 -458
01111111101 -457
01111111100 -456
01111111100 -455
01111111100 -454
01111111100 -453
01111111100 -452
01111111100 -451
01111111100 -450
01111111100 -449
01111111100 -448
01111111100 -447
01111111100 -446
01111111100 -445
01111111100 -444
01111111100 -443
01111111100 -442
01111111100 -441
01111111100 -440
01111111011 -439
01111111011 -438
01111111011 -437
01111111011 -436
01111111011 -435
01111111011 -434
01111111011 -433
01111111011 -432
01111111011 -431
01111111011 -430
01111111011 -429
01111111011 -428
01111111011 -427
01111111011 -426
01111111011 -425
01111111010 -424
01111111010 -423
01111111010 -422
01111111010 -421
01111111010 -420
01111111010 -419
01111111010 -418
01111111010 -417
01111111010 -416
01111111010 -415
01111111010 -414
01111111010 -413
01111111010 -412
01111111010 -411
01111111010 -410
01111111010 -409
01111111010 -408
01111111001 -407
01111111001 -406
01111111001 -405
01111111001 -404
01111111001 -403
01111111001 -402
01111111001 -401
01111111001 -400
01111111001 -399
01111111001 -398
01111111001 -397
01111111001 -396
01111111001 -395
01111111001 -394
01111111001 -393
01111111000 -392
01111111000 -391
01111111000 -390
01111111000 -389
01111111000 -388
01111111000 -387
01111111000 -386
01111111000 -385
01111111000 -384
01111111000 -383
01111111000 -382
01111111000 -381
01111111000 -380
01111111000 -379
01111111000 -378
01111111000 -377
01111111000 -376
01111110111 -375
01111110111 -374
01111110111 -373
01111110111 -372
01111110111 -371
01111110111 -370
01111110111 -369
01111110111 -368
01111110111 -367
01111110111 -366
01111110111 -365
01111110111 -364
01111110111 -363
01111110111 -362
01111110111 -361
01111110110 -360
01111110110 -359
01111110110 -358
01111110110 -357
01111110110 -356
01111110110 -355
01111110110 -354
01111110110 -353
01111110110 -352
01111110110 -351
01111110110 -350
01111110110 -349
01111110110 -348
01111110110 -347
01111110110 -346
01111110110 -345
01111110110 -344
01111110101 -343
01111110101 -342
01111110101 -341
01111110101 -340
01111110101 -339
01111110101 -338
01111110101 -337
01111110101 -336
01111110101 -335
01111110101 -334
01111110101 -333
01111110101 -332
01111110101 -331
01111110101 -330
01111110101 -329
01111110100 -328
01111110100 -327
01111110100 -326
01111110100 -325
01111110100 -324
01111110100 -323
01111110100 -322
01111110100 -321
01111110100 -320
01111110100 -319
01111110100 -318
01111110100 -317
01111110100 -316
01111110100 -315
01111110100 -314
01111110100 -313
01111110100 -312
01111110011 -311
01111110011 -310
01111110011 -309
01111110011 -308
01111110011 -307
01111110011 -306
01111110011 -305
01111110011 -304
01111110011 -303
01111110011 -302
01111110011 -301
01111110011 -300
01111110011 -299
01111110011 -298
01111110011 -297
01111110010 -296
01111110010 -295
01111110010 -294
01111110010 -293
01111110010 -292
01111110010 -291
01111110010 -290
01111110010 -289
01111110010 -288
01111110010 -287
01111110010 -286
01111110010 -285
01111110010 -284
01111110010 -283
01111110010 -282
01111110010 -281
01111110010 -280
01111110001 -279
01111110001 -278
01111110001 -277
01111110001 -276
01111110001 -275
01111110001 -274
01111110001 -273
01111110001 -272
01111110001 -271
01111110001 -270
01111110001 -269
01111110001 -268
01111110001 -267
01111110001 -266
01111110001 -265
01111110000 -264
01111110000 -263
01111110000 -262
01111110000 -261
01111110000 -260
01111110000 -259
01111110000 -258
01111110000 -257
01111110000 -256
01111110000 -255
01111110000 -254
01111110000 -253
01111110000 -252
01111101111 -251
01111101111 -250
01111101111 -249
01111101111 -248
01111101111 -247
01111101111 -246
01111101111 -245
01111101110 -244
01111101110 -243
01111101110 -242
01111101110 -241
01111101110 -240
01111101110 -239
01111101110 -238
01111101110 -237
01111101110 -236
01111101101 -235
01111101101 -234
01111101101 -233
01111101101 -232
01111101101 -231
01111101101 -230
01111101101 -229
01111101100 -228
01111101100 -227
01111101100 -226
01111101100 -225
01111101100 -224
01111101100 -223
01111101100 -222
01111101100 -221
01111101100 -220
01111101011 -219
01111101011 -218
01111101011 -217
01111101011 -216
01111101011 -215
01111101011 -214
01111101011 -213
01111101010 -212
01111101010 -211
01111101010 -210
01111101010 -209
01111101010 -208
01111101010 -207
01111101010 -206
01111101010 -205
01111101010 -204
01111101001 -203
01111101001 -202
01111101001 -201
01111101001 -200
01111101001 -199
01111101001 -198
01111101001 -197
01111101000 -196
01111101000 -195
01111101000 -194
01111101000 -193
01111101000 -192
01111101000 -191
01111101000 -190
01111101000 -189
01111101000 -188
01111100111 -187
01111100111 -186
01111100111 -185
01111100111 -184
01111100111 -183
01111100111 -182
01111100111 -181
01111100110 -180
01111100110 -179
01111100110 -178
01111100110 -177
01111100110 -176
01111100110 -175
01111100110 -174
01111100110 -173
01111100110 -172
01111100101 -171
01111100101 -170
01111100101 -169
01111100101 -168
01111100101 -167
01111100101 -166
01111100101 -165
01111100100 -164
01111100100 -163
01111100100 -162
01111100100 -161
01111100100 -160
01111100100 -159
01111100100 -158
01111100100 -157
01111100100 -156
01111100011 -155
01111100011 -154
01111100011 -153
01111100011 -152
01111100011 -151
01111100011 -150
01111100011 -149
01111100010 -148
01111100010 -147
01111100010 -146
01111100010 -145
01111100010 -144
01111100010 -143
01111100010 -142
01111100010 -141
01111100010 -140
01111100001 -139
01111100001 -138
01111100001 -137
01111100001 -136
01111100001 -135
01111100001 -134
01111100001 -133
01111100000 -132
01111100000 -131
01111100000 -130
01111100000 -129
01111100000 -128
01111100000 -127
01111100000 -126
01111011111 -125
01111011111 -124
01111011111 -123
01111011110 -122
01111011110 -121
01111011110 -120
01111011110 -119
01111011110 -118
01111011101 -117
01111011101 -116
01111011101 -115
01111011100 -114
01111011100 -113
01111011100 -112
01111011100 -111
01111011100 -110
01111011011 -109
01111011011 -108
01111011011 -107
01111011010 -106
01111011010 -105
01111011010 -104
01111011010 -103
01111011010 -102
01111011001 -101
01111011001 -100
01111011001 -99
01111011000 -98
01111011000 -97
01111011000 -96
01111011000 -95
01111011000 -94
01111010111 -93
01111010111 -92
01111010111 -91
01111010110 -90
01111010110 -89
01111010110 -88
01111010110 -87
01111010110 -86
01111010101 -85
01111010101 -84
01111010101 -83
01111010100 -82
01111010100 -81
01111010100 -80
01111010100 -79
01111010100 -78
01111010011 -77
01111010011 -76
01111010011 -75
01111010010 -74
01111010010 -73
01111010010 -72
01111010010 -71
01111010010 -70
01111010001 -69
01111010001 -68
01111010001 -67
01111010000 -66
01111010000 -65
01111010000 -64
01111010000 -63
01111001111 -62
01111001110 -61
01111001110 -60
01111001110 -59
01111001101 -58
01111001100 -57
01111001100 -56
01111001100 -55
01111001011 -54
01111001010 -53
01111001010 -52
01111001010 -51
01111001001 -50
01111001000 -49
01111001000 -48
01111001000 -47
01111000111 -46
01111000110 -45
01111000110 -44
01111000110 -43
01111000101 -42
01111000100 -41
01111000100 -40
01111000100 -39
01111000011 -38
01111000010 -37
01111000010 -36
01111000010 -35
01111000001 -34
01111000000 -33
01111000000 -32
01110111111 -31
01110111110 -30
01110111101 -29
01110111100 -28
01110111011 -27
01110111010 -26
01110111001 -25
01110111000 -24
01110110111 -23
01110110110 -22
01110110101 -21
01110110100 -20
01110110011 -19
01110110010 -18
01110110001 -17
01110110000 -16
01110101110 -15
01110101100 -14
01110101010 -13
01110101000 -12
01110100110 -11
01110100100 -10
01110100010 -9
01110100000 -8
01110011100 -7
01110011000 -6
01110010100 -5
01110010000 -4
01110001000 -3
01110000000 -2
01101110000 -1
00000000000 0
01001110000 1
01010000000 2
01010001000 3
01010010000 4
01010010100 5
01010011000 6
01010011100 7
01010100000 8
01010100010 9
01010100100 10
01010100110 11
01010101000 12
01010101010 13
01010101100 14
01010101110 15
01010110000 16
01010110001 17
01010110010 18
01010110011 19
01010110100 20
01010110101 21
01010110110 22
01010110111 23
01010111000 24
01010111001 25
01010111010 26
01010111011 27
01010111100 28
01010111101 29
01010111110 30
01010111111 31
01011000000 32
01011000000 33
01011000001 34
01011000010 35
01011000010 36
01011000010 37
01011000011 38
01011000100 39
01011000100 40
01011000100 41
01011000101 42
01011000110 43
01011000110 44
01011000110 45
01011000111 46
01011001000 47
01011001000 48
01011001000 49
01011001001 50
01011001010 51
01011001010 52
01011001010 53
01011001011 54
01011001100 55
01011001100 56
01011001100 57
01011001101 58
01011001110 59
01011001110 60
01011001110 61
01011001111 62
01011010000 63
01011010000 64
01011010000 65
01011010000 66
01011010001 67
01011010001 68
01011010001 69
01011010010 70
01011010010 71
01011010010 72
01011010010 73
01011010010 74
01011010011 75
01011010011 76
01011010011 77
01011010100 78
01011010100 79
01011010100 80
01011010100 81
01011010100 82
01011010101 83
01011010101 84
01011010101 85
01011010110 86
01011010110 87
01011010110 88
01011010110 89
01011010110 90
01011010111 91
01011010111 92
01011010111 93
01011011000 94
01011011000 95
01011011000 96
01011011000 97
01011011000 98
01011011001 99
01011011001 100
01011011001 101
01011011010 102
01011011010 103
01011011010 104
01011011010 105
01011011010 106
01011011011 107
01011011011 108
01011011011 109
01011011100 110
01011011100 111
01011011100 112
01011011100 113
01011011100 114
01011011101 115
01011011101 116
01011011101 117
01011011110 118
01011011110 119
01011011110 120
01011011110 121
01011011110 122
01011011111 123
01011011111 124
01011011111 125
01011100000 126
01011100000 127
01011100000 128
01011100000 129
01011100000 130
01011100000 131
01011100000 132
01011100001 133
01011100001 134
01011100001 135
01011100001 136
01011100001 137
01011100001 138
01011100001 139
01011100010 140
01011100010 141
01011100010 142
01011100010 143
01011100010 144
01011100010 145
01011100010 146
01011100010 147
01011100010 148
01011100011 149
01011100011 150
01011100011 151
01011100011 152
01011100011 153
01011100011 154
01011100011 155
01011100100 156
01011100100 157
01011100100 158
01011100100 159
01011100100 160
01011100100 161
01011100100 162
01011100100 163
01011100100 164
01011100101 165
01011100101 166
01011100101 167
01011100101 168
01011100101 169
01011100101 170
01011100101 171
01011100110 172
01011100110 173
01011100110 174
01011100110 175
01011100110 176
01011100110 177
01011100110 178
01011100110 179
01011100110 180
01011100111 181
01011100111 182
01011100111 183
01011100111 184
01011100111 185
01011100111 186
01011100111 187
01011101000 188
01011101000 189
01011101000 190
01011101000 191
01011101000 192
01011101000 193
01011101000 194
01011101000 195
01011101000 196
01011101001 197
01011101001 198
01011101001 199
01011101001 200
01011101001 201
01011101001 202
01011101001 203
01011101010 204
01011101010 205
01011101010 206
01011101010 207
01011101010 208
01011101010 209
01011101010 210
01011101010 211
01011101010 212
01011101011 213
01011101011 214
01011101011 215
01011101011 216
01011101011 217
01011101011 218
01011101011 219
01011101100 220
01011101100 221
01011101100 222
01011101100 223
01011101100 224
01011101100 225
01011101100 226
01011101100 227
01011101100 228
01011101101 229
01011101101 230
01011101101 231
01011101101 232
01011101101 233
01011101101 234
01011101101 235
01011101110 236
01011101110 237
01011101110 238
01011101110 239
01011101110 240
01011101110 241
01011101110 242
01011101110 243
01011101110 244
01011101111 245
01011101111 246
01011101111 247
01011101111 248
01011101111 249
01011101111 250
01011101111 251
01011110000 252
01011110000 253
01011110000 254
01011110000 255
01011110000 256
01011110000 257
01011110000 258
01011110000 259
01011110000 260
01011110000 261
01011110000 262
01011110000 263
01011110000 264
01011110001 265
01011110001 266
01011110001 267
01011110001 268
01011110001 269
01011110001 270
01011110001 271
01011110001 272
01011110001 273
01011110001 274
01011110001 275
01011110001 276
01011110001 277
01011110001 278
01011110001 279
01011110010 280
01011110010 281
01011110010 282
01011110010 283
01011110010 284
01011110010 285
01011110010 286
01011110010 287
01011110010 288
01011110010 289
01011110010 290
01011110010 291
01011110010 292
01011110010 293
01011110010 294
01011110010 295
01011110010 296
01011110011 297
01011110011 298
01011110011 299
01011110011 300
01011110011 301
01011110011 302
01011110011 303
01011110011 304
01011110011 305
01011110011 306
01011110011 307
01011110011 308
01011110011 309
01011110011 310
01011110011 311
01011110100 312
01011110100 313
01011110100 314
01011110100 315
01011110100 316
01011110100 317
01011110100 318
01011110100 319
01011110100 320
01011110100 321
01011110100 322
01011110100 323
01011110100 324
01011110100 325
01011110100 326
01011110100 327
01011110100 328
01011110101 329
01011110101 330
01011110101 331
01011110101 332
01011110101 333
01011110101 334
01011110101 335
01011110101 336
01011110101 337
01011110101 338
01011110101 339
01011110101 340
01011110101 341
01011110101 342
01011110101 343
01011110110 344
01011110110 345
01011110110 346
01011110110 347
01011110110 348
01011110110 349
01011110110 350
01011110110 351
01011110110 352
01011110110 353
01011110110 354
01011110110 355
01011110110 356
01011110110 357
01011110110 358
01011110110 359
01011110110 360
01011110111 361
01011110111 362
01011110111 363
01011110111 364
01011110111 365
01011110111 366
01011110111 367
01011110111 368
01011110111 369
01011110111 370
01011110111 371
01011110111 372
01011110111 373
01011110111 374
01011110111 375
01011111000 376
01011111000 377
01011111000 378
01011111000 379
01011111000 380
01011111000 381
01011111000 382
01011111000 383
01011111000 384
01011111000 385
01011111000 386
01011111000 387
01011111000 388
01011111000 389
01011111000 390
01011111000 391
01011111000 392
01011111001 393
01011111001 394
01011111001 395
01011111001 396
01011111001 397
01011111001 398
01011111001 399
01011111001 400
01011111001 401
01011111001 402
01011111001 403
01011111001 404
01011111001 405
01011111001 406
01011111001 407
01011111010 408
01011111010 409
01011111010 410
01011111010 411
01011111010 412
01011111010 413
01011111010 414
01011111010 415
01011111010 416
01011111010 417
01011111010 418
01011111010 419
01011111010 420
01011111010 421
01011111010 422
01011111010 423
01011111010 424
01011111011 425
01011111011 426
01011111011 427
01011111011 428
01011111011 429
01011111011 430
01011111011 431
01011111011 432
01011111011 433
01011111011 434
01011111011 435
01011111011 436
01011111011 437
01011111011 438
01011111011 439
01011111100 440
01011111100 441
01011111100 442
01011111100 443
01011111100 444
01011111100 445
01011111100 446
01011111100 447
01011111100 448
01011111100 449
01011111100 450
01011111100 451
01011111100 452
01011111100 453
01011111100 454
01011111100 455
01011111100 456
01011111101 457
01011111101 458
01011111101 459
01011111101 460
01011111101 461
01011111101 462
01011111101 463
01011111101 464
01011111101 465
01011111101 466
01011111101 467
01011111101 468
01011111101 469
01011111101 470
01011111101 471
01011111110 472
01011111110 473
01011111110 474
01011111110 475
01011111110 476
01011111110 477
01011111110 478
01011111110 479
01011111110 480
01011111110 481
01011111110 482
01011111110 483
01011111110 484
01011111110 485
01011111110 486
01011111110 487
01011111110 488
01011111111 489
01011111111 490
01011111111 491
01011111111 492
01011111111 493
01011111111 494
01011111111 495
01011111111 496
01011111111 497
01011111111 498
01011111111 499
01011111111 500
01011111111 501
01011111111 502
01011111111 503
